Kreise_Key,Kreis,AMR-Schlüssel,Arbeitsmarktregion (AMR),gLat,gLong,stations,von_datum,bis_datum
3157,Peine,3101,Braunschweig/Wolfsburg,52.3217849,10.2349489,"6277,5675,5676,4364,172,850,4947,662,2206,2207",19530301,20221030
5558,Coesfeld,5515,Münster,51.9458943,7.1691108,"2338,4100,1766,1032,3753,553,13901,4174,2173,3101",19500101,20221030
16076,Greiz,16051,Erfurt,50.6477963,12.1734848,"840,3883,1612,5750,888,3289,3034,3419,222,4222",19520101,20221030
3101,"Braunschweig, Stadt",3101,Braunschweig/Wolfsburg,52.2646577,10.5236066,"6277,5158,5675,5676,4364,4947,5267,662,2206,2207",19530301,20221030
5170,Wesel,5113,Düsseldorf-Ruhr,51.6576909,6.617087,"4100,1672,553,13901,2798,3101,1590,1078,15963,2173",19500101,20221030
3241,Region Hannover,3241,Hannover,53.828167,11.148669,"2950,1000,3369,3085,3086,909,2609,3954,2770,3317",19500301,20221030
12062,Elbe-Elster,14612,Dresden,51.8279595,12.8268268,"5546,2475,3083,3082,4782,4496,2451,2931,435,2621",19550101,20221030
8121,"Heilbronn, Stadt",8111,Stuttgart,49.142291,9.218655,"4928,4929,5284,4582,2406,710,5429,5435,4349,3135",19530101,20221030
13075,Vorpommern-Greifswald,13075,Greifswald/Stralsund,54.097154,13.379559,"288,129,5088,5097,1803,1869,5778,3478,5663",19670101,20221030
14511,"Chemnitz, Stadt",14511,Chemnitz,50.8322608,12.9252977,"833,3234,840,1612,19510,888,3166,4222,222,991",19500101,20221030
9277,Rottal-Inn,9162,München,48.390995,12.945145,"4706,4354,3366,2920,73,13932,2573,1332,728,1275",19530101,20221030
7336,Kusel,10041,Saarbrücken,49.5399844,7.4008479,"2790,3545,4397,4665,2385,3825,5681,1011,793,2331",19610101,20221030
4011,"Bremen, Stadt",4011,Bremen,53.0758196,8.8071646,"704,705,642,44,6189,3791,5236,5014,5821,5822",19520101,20221030
9773,Dillingen a.d.Donau,9162,München,48.5812547,10.4951425,"5154,2886,4583,2521,2926,2543,2905,3484,3485,606",19500101,20221030
9672,Bad Kissingen,9662,Schweinfurt,50.1985698,10.0746833,"4480,2055,5032,4479,4621,2223,4377,3836,15965,191",19540101,20221030
7211,"Trier, Stadt",7211,Trier,49.7596208,6.6441878,"3904,3905,964,3274,1964,4665,3155,793,5433,953",19500801,20221030
9477,Kulmbach,9462,Bayreuth,50.1008448,11.4479149,"4775,3752,1292,1359,4818,4438,4663,3513,3034,2780",19520101,20221030
14521,Erzgebirgskreis,14511,Chemnitz,48.698666,11.19357,"3139,1161,2410,2700,142,5904,3922,2521,3484,221",19500101,20221030
10042,Merzig-Wadern,10041,Saarbrücken,49.45724,6.686688,"3904,3905,5029,3274,4490,4665,981,4343,5433,5244",19570101,20221030
16069,Hildburghausen,16054,Suhl,50.4266327,10.7300263,"1568,3204,3113,3694,2223,2226,1493,3513,3836,3231",19500601,20221030
9186,Pfaffenhofen a.d.Ilm,9162,München,48.5296743,11.5084954,"4584,2410,3722,142,1262,5904,19317,2521,3484,221",19500101,20221030
9764,"Memmingen, Stadt",9162,München,47.9867696,10.181319,"5665,2886,3751,2923,3244,3245,2542,474,606,2559",19500101,20221030
8317,Ortenaukreis,8317,Offenburg,48.416665,8.0,"5664,3777,1602,1440,4169,268,2349,2546,2812,1214",19500101,20221030
1051,Dithmarschen,2000,Hamburg,53.9976953,9.2566673,"648,2122,1451,748,1266,788,4886,2297,2429,2303",19630501,20221030
5770,Minden-Lübbecke,5711,Bielefeld/Paderborn,52.335154,8.762342,"769,963,3236,294,3815,172,5715,950,3222,4442",19520201,20221030
14625,Bautzen,14612,Dresden,51.1813907,14.4275735,"833,3234,2985,3082,3083,3788,1709,5779,4606,991",19520101,20221030
16053,"Jena, Stadt",16051,Erfurt,50.9281717,11.5879359,"4036,5419,1612,3821,3883,3419,5750,3289,379,2302",19500101,20221030
8425,Alb-Donau-Kreis,8421,Ulm,49.6333308,7.916663,"3138,4323,2790,1072,5681,5426,1011,3921,3576,4474",19520101,20221030
8115,Böblingen,8111,Stuttgart,48.684969,9.0113444,"576,4160,5120,4931,4928,4929,4330,2159,1146,5435",19500101,20221030
15087,Mansfeld-Südharz,14713,Leipzig,51.550941,11.40718,"1410,4036,2053,198,5445,4782,1617,657,3160,5533",19520101,20221030
1053,Herzogtum Lauenburg,2000,Hamburg,53.6082248,10.5105236,"5280,1986,1987,4484,3369,3085,3086,2770,52,3317",19500301,20221030
3462,Wittmund,3403,Oldenburg(O.),53.5792685,7.7815477,"642,1221,4678,5640,6184,6221,3791,1299,243,16085",19500301,20221030
5162,Rhein-Kreis Neuss,5113,Düsseldorf-Ruhr,52.116503,9.374006,"769,294,172,4367,5715,3222,950,4442,2206,2207",19530301,20221030
9676,Miltenberg,6412,Frankfurt a.M.,49.7017584,9.2559718,"3265,4987,1287,727,5327,4411,3284,502,3287,3291",19530101,20221030
15088,Saalekreis,14713,Leipzig,51.37795,11.857969,"1410,4036,198,3821,4782,2931,5750,19510,3160,2302",19500101,20221030
5958,Hochsauerlandkreis,5113,Düsseldorf-Ruhr,53.397929,8.403881,"704,642,4678,327,6184,5640,3791,16085,5014,3639",19520101,20221030
6412,"Frankfurt am Main, Stadt",6412,Frankfurt a.M.,50.1106444,8.6820917,"3776,1126,1415,1416,1421,1422,1423,1424,2843,3775",19571101,20221030
15081,Altmarkkreis Salzwedel,15003,Magdeburg,48.826135,10.712556,"1161,1902,175,176,4880,3922,881,4280,2521,3484",19500101,20221030
13074,Nordwestmecklenburg,2000,Hamburg,53.828167,11.148669,"2950,1000,3369,3085,3086,909,2609,3954,2770,3317",19500301,20221030
3461,Wesermarsch,3403,Oldenburg(O.),53.397929,8.403881,"704,642,4678,327,6184,5640,3791,16085,5014,3639",19520101,20221030
12067,Oder-Spree,11000,Berlin,52.280526,14.154199,"416,422,424,425,3082,3083,427,399,400,3158",19540101,20221030
15091,Wittenberg,14713,Leipzig,51.8666527,12.646761,"1605,5546,2475,4782,4496,2451,2931,435,403,2621",19500101,20221030
15082,Anhalt-Bitterfeld,14713,Leipzig,51.78662,12.035572,"4036,1605,198,5546,4782,4496,1617,2931,2451,3160",19520101,20221030
9278,Straubing-Bogen,9362,Regensburg,48.95949,12.602987,"4225,4327,2920,1832,1831,3147,570,728,3578,61",19530101,20221030
8415,Reutlingen,8111,Stuttgart,48.4919508,9.2114144,"5120,576,4931,4166,4294,2159,5107,5174,3671,1243",19500101,20221030
3452,Aurich,3403,Oldenburg(O.),53.4695604,7.4823808,"1221,4678,5640,6184,6221,3791,1010,1299,243,3867",19500101,20221030
5316,"Leverkusen, Stadt",5315,Köln,51.0324743,6.9881194,"3623,3657,2474,2667,3658,3540,3541,1078,601,603",19520101,20221030
9372,Cham,9362,Regensburg,45.9246705,6.8727506,,19520101,20221030
9779,Donau-Ries,9162,München,48.826135,10.712556,"1161,1902,175,176,4880,3922,881,4280,2521,3484",19500101,20221030
9573,Fürth,9564,Nürnberg,49.4772475,10.9893626,"4576,5185,1281,970,3661,365,175,3667,4280,1721",19520101,20221030
3357,Rotenburg (Wümme),4011,Bremen,53.1108906,9.4049292,"704,2689,705,2465,6189,368,5014,760,4857,1981",19500101,20221030
6414,"Wiesbaden, Landeshauptstadt",6412,Frankfurt a.M.,50.0820384,8.2416556,"3138,5541,5543,1415,1416,4586,2092,1423,1424,2843",19520201,20221030
9273,Kelheim,9162,München,48.9187285,11.8727886,"3875,1161,2410,3147,2700,3534,5904,4592,3578,221",19500101,20221030
10041,Stadtverband Saarbrücken,10041,Saarbrücken,49.244521,6.975773,"5029,4490,4335,4338,981,3542,4343,3545,5244,5245",19610101,20221030
9271,Deggendorf,9262,Passau,48.8333535,12.96205,"4354,4327,1832,73,1831,2920,5306,728,570,61",19530301,20221030
16072,Sonneberg,9463,Coburg,50.3575412,11.1691714,"1568,1359,2223,2226,1493,4438,3513,3034,3419,2780",19520301,20221030
7331,Alzey-Worms,6412,Frankfurt a.M.,49.77713,8.095766,"3138,4323,5543,4586,1072,3921,1619,1011,918,4474",19520101,20221030
13076,Ludwigslust-Parchim,2000,Hamburg,53.425038,11.847839,"3552,4642,1000,3818,1803,7244,3086,3317,3093,3478",19541201,20221030
9575,Neustadt a.d.Aisch-Bad Windsh.,9564,Nürnberg,49.586054,10.465606,"1281,5185,2600,970,3661,175,176,1107,5403,126",19520101,20221030
1004,"Neumünster, Stadt",2000,Hamburg,54.0757442,9.9815377,"4320,5280,648,909,2093,2609,2770,3955,2297,2429",19500101,20221030
14522,Mittelsachsen,14511,Chemnitz,50.990098,13.088051,"833,3234,1709,5779,2931,19510,888,3166,222,991",19500101,20221030
7319,"Worms, kreisfreie Stadt",8222,Mannheim,49.6302618,8.3620898,"3138,4323,1126,3017,3018,1072,5426,1619,918,3576",19520101,20221030
9471,Bamberg,9564,Nürnberg,49.8916044,10.8868478,"5185,1281,2055,3661,4621,1359,1107,4438,1721,2780",19580501,20221030
6635,Waldeck-Frankenberg,6611,Kassel,51.222086,8.854924,"193,1505,386,197,2536,5610,5583,817,2482,2717",19521001,20221030
1060,Segeberg,2000,Hamburg,53.9422672,10.3137943,"5280,4320,4484,909,3085,3086,2609,2770,3955,3954",19500101,20221030
1062,Stormarn,2000,Hamburg,60.9279507,17.130861,,19520101,20221030
6532,Lahn-Dill-Kreis,6412,Frankfurt a.M.,50.6499974,8.3666652,"386,2947,5541,390,3595,817,211,6136,829,3167",19521001,20221030
12069,Potsdam-Mittelmark,11000,Berlin,52.252398,12.908412,"416,5825,425,5546,2475,429,430,403,435,2621",19500101,20221030
9780,Oberallgäu,9162,München,47.539197,10.284402,"4704,5665,3016,2221,4429,3727,2542,14003,1372,2559",19520101,20221030
7339,Mainz-Bingen,6412,Frankfurt a.M.,49.923878,8.060023,"3138,4323,5541,4709,5543,1416,4586,2092,3921,4474",19520201,20221030
3361,Verden,4011,Bremen,52.922341,9.228153,"704,2689,6189,368,5715,5236,5014,1339,5821,5822",19500101,20221030
16061,Eichsfeld,3159,Göttingen,51.3050457,10.0676811,"6181,2536,2889,1066,2925,4847,3348,5912,4763,2174",19500101,20221030
16062,Nordhausen,3159,Göttingen,51.5051574,10.7925317,"1410,2053,5445,2889,1066,2925,657,1617,5533,2174",19520101,20221030
7313,"Landau in der Pfalz, kr.f. St.",8222,Mannheim,49.1982825,8.1123441,"3939,710,174,15951,1072,5426,3925,3576,5275,4735",19500101,20221030
7143,Westerwaldkreis,7111,Koblenz,50.433368,8.181545,"5541,5543,4586,3595,2092,211,6136,348,829,3167",19520201,20221030
9774,Günzburg,9162,München,48.4539028,10.2785509,"5154,2886,3244,3245,2926,4433,2905,474,3485,606",19500101,20221030
5914,"Hagen, Stadt",5113,Düsseldorf-Ruhr,51.3582945,7.473296,"1920,1922,4100,1032,5480,13901,3101,3228,2173,4127",19500101,20221030
7131,Ahrweiler,5315,Köln,50.54183,7.0951124,"5920,161,2667,3212,3246,601,2362,603,348,4157",19500101,20221030
15002,"Halle (Saale), Stadt",14713,Leipzig,51.4825041,11.9705452,"1410,4036,198,3821,4782,4496,2931,19510,5750,3160",19500101,20221030
9772,Augsburg,9162,München,48.3668041,10.8986971,"3139,1515,2521,2829,142,2543,2830,2905,3484,3485",19500101,20221030
5911,"Bochum, Stadt",5113,Düsseldorf-Ruhr,51.4818111,7.2196635,"1920,1922,4100,1032,5480,13901,3101,1078,15963,2173",19500101,20221030
8212,"Karlsruhe, Stadt",8212,Karlsruhe,49.0068705,8.4034195,"773,710,174,5840,5841,5435,3925,3576,5275,4735",19740601,20221030
13004,"Schwerin, Stadt",2000,Hamburg,53.6288297,11.4148038,"4484,2950,1000,3369,1803,3085,3086,2609,3317,3093",19500301,20221030
9275,Passau,9262,Passau,48.5748229,13.4609744,"4354,4706,4327,73,13932,19087,1332,728,5306,1275",19530301,20221030
9564,"Nürnberg, Stadt",9564,Nürnberg,49.453872,11.077298,"4576,1281,5185,970,3661,365,3534,3667,4280,1721",19600101,20221030
1061,Steinburg,2000,Hamburg,48.7692184,7.4133351,"3777,1602,3939,773,4169,15951,2546,4338,2812,4735",19500101,20221030
8116,Esslingen,8111,Stuttgart,48.7427584,9.3071685,"4928,4929,576,4931,5284,4160,4166,4330,1102,3671",19520101,20221030
8416,Tübingen,8111,Stuttgart,48.5236164,9.0535531,"5120,576,4931,4166,4294,2159,5174,3671,1146,1243",19500101,20221030
9473,Coburg,9463,Coburg,50.258112,10.964463,"1568,2055,3694,1359,2223,2226,1493,4438,3513,2780",19500601,20221030
7311,"Frankenthal (Pfalz), kr.f. St.",8222,Mannheim,49.5445804,8.3540061,"4323,3017,3018,1072,5426,1619,1011,918,3576,5275",19520101,20221030
15003,"Magdeburg, Landeshauptstadt",15003,Magdeburg,52.1315889,11.6399609,"1605,5158,5546,3818,5675,4782,1617,4947,5267,3160",19520101,20221030
5382,Rhein-Sieg-Kreis,5315,Köln,50.75,7.25,"5920,3657,3658,2667,3540,3541,601,2362,603,4157",19500101,20221030
8215,Karlsruhe,8212,Karlsruhe,49.0068705,8.4034195,"773,710,174,5840,5841,5435,3925,3576,5275,4735",19740601,20221030
9777,Ostallgäu,9162,München,47.786013,10.630515,"5226,2923,2221,2542,2830,3245,14003,2708,125,2559",19500101,20221030
1003,"Lübeck, Hansestadt",2000,Hamburg,53.866444,10.684738,"5280,4484,3369,3085,3086,909,2609,2770,3954,3317",19500301,20221030
8216,Rastatt,8212,Karlsruhe,48.8574209,8.2088088,"773,710,4169,268,2349,174,5840,5841,3925,4735",19530101,20221030
3402,"Emden, Stadt",3403,Oldenburg(O.),53.3670541,7.2058304,"1221,4678,5640,6184,6221,6159,1010,243,1299,3867",19500101,20221030
9363,"Weiden i.d.OPf., Stadt",9363,Weiden i.d.OPf.,49.6752749,12.1631636,"4225,132,4775,3752,1292,1392,4592,2773,5046,4663",19520101,20221030
5111,"Düsseldorf, Stadt",5113,Düsseldorf-Ruhr,51.2254018,6.7763137,"1922,3623,743,2474,2667,1078,1590,15963,5564,2173",19520101,20221030
8235,Calw,8111,Stuttgart,48.7112108,8.7452043,"4160,576,5289,4330,2159,5840,5841,3925,1146,5435",19520101,20221030
7315,"Mainz, kreisfreie Stadt",6412,Frankfurt a.M.,50.0012314,8.2762513,"3138,5541,1126,1415,1416,5543,4586,2092,1423,2843",19520201,20221030
9462,"Bayreuth, Stadt",9462,Bayreuth,49.9427202,11.5763079,"5185,4775,3752,1292,1359,4818,4438,4663,1721,2780",19520101,20221030
6411,"Darmstadt, Wissenschaftsstadt",6412,Frankfurt a.M.,49.8851869,8.6736295,"1126,1415,1416,3018,1422,1423,4411,1619,918,2843",19560101,20221030
15084,Burgenlandkreis,14713,Leipzig,48.386614,11.069823,"3139,3385,3722,1515,2521,2829,142,2543,2905,3484",19500101,20221030
14524,Zwickau,14511,Chemnitz,50.7185043,12.4939267,"3289,840,3883,1612,5750,19510,888,3166,222,4222",19500101,20221030
5913,"Dortmund, Stadt",5113,Düsseldorf-Ruhr,51.5142273,7.4652789,"1920,1922,4100,1032,5480,13901,4401,3101,3228,2173",19500101,20221030
14523,Vogtlandkreis,14511,Chemnitz,47.825183,11.057666,"4066,5226,7308,2829,2830,2543,2542,14003,2708,125",19500101,20221030
6633,Kassel,6611,Kassel,51.3154546,9.4924096,"3744,1505,193,6181,197,2536,4847,5912,4763,2717",19500101,20221030
13073,Vorpommern-Rügen,13075,Greifswald/Stralsund,54.30983,13.068157,"5088,288,129,1000,5097,1803,5778,3478",19670101,20221030
3255,Holzminden,5711,Bielefeld/Paderborn,51.828835,9.4466591,"3744,3651,588,172,4367,2324,3348,950,4442,2206",19530301,20221030
16066,Schmalkalden-Meiningen,16054,Suhl,50.634349,10.364903,"1568,3113,3694,5039,2160,4978,19378,2618,3836,3231",19500601,20221030
8435,Bodenseekreis,8436,Ravensburg,50.274593,6.781063,"964,14311,458,3212,3246,3155,4279,4508,766,927",19520101,20221030
6439,Rheingau-Taunus-Kreis,6412,Frankfurt a.M.,49.901055,8.844496,"3776,1126,3018,1422,1423,4411,918,727,2843,3775",19571101,20221030
9562,"Erlangen, Stadt",9564,Nürnberg,49.5928616,11.0056,"4576,5185,1281,970,3661,365,3667,4438,4280,1721",19600101,20221030
9375,Regensburg,9362,Regensburg,49.0195333,12.0974869,"4225,3875,2920,3147,2700,4592,5904,2773,3578,61",19500101,20221030
6440,Wetteraukreis,6412,Frankfurt a.M.,50.322832042,8.656330708,"3776,5541,3590,1421,1422,1423,1424,211,829,3775",19571101,20221030
3457,Leer,3403,Oldenburg(O.),53.2327625,7.4577265,"1221,4678,5640,6221,6159,3791,1010,243,1299,3867",19500101,20221030
8117,Göppingen,8111,Stuttgart,48.7031377,9.6541116,"4928,4929,4931,5284,4583,1102,5174,3671,1243,3135",19530101,20221030
9461,"Bamberg, Stadt",9564,Nürnberg,49.8916044,10.8868478,"5185,1281,2055,3661,4621,1359,1107,4438,1721,2780",19580501,20221030
14627,Meißen,14612,Dresden,51.1630871,13.4704939,"833,3234,4606,2985,1709,4496,5779,2451,3166,991",19520101,20221030
7135,Cochem-Zell,7111,Koblenz,50.147418,7.17018,"2656,161,964,4709,458,3212,3246,3155,766,927",19520101,20221030
3360,Uelzen,2000,Hamburg,52.9666845,10.5584863,"1986,6277,5675,368,850,3093,2005,760,1339,5308",19541201,20221030
9171,Altötting,9162,München,48.2268085,12.6757914,"5249,4706,6211,3366,13932,2573,1586,5075,1332,1275",19530101,20221030
9675,Kitzingen,9663,Würzburg,49.7339751,10.161216,"4987,2055,2600,5032,4621,1107,5403,636,126,191",19580501,20221030
9274,Landshut,9162,München,48.536217,12.1516551,"3366,4584,2920,3147,1261,1262,5904,2417,221,2783",19530101,20221030
1058,Rendsburg-Eckernförde,2000,Hamburg,54.295275,9.846645,"4320,2564,2437,1266,4468,2429,2297,4156,2493,2303",19530101,20221030
9776,Lindau (Bodensee),8436,Ravensburg,47.550753,9.6926624,"4704,5665,931,5319,3016,4429,3727,273,1372,1276",19700601,20221030
16051,"Erfurt, Stadt",16051,Erfurt,50.9777974,11.0287364,"1568,3204,5445,3113,5419,3694,2160,19378,379,2302",19500101,20221030
5378,Rheinisch-Bergischer Kreis,5315,Köln,50.946183,7.295989,"3657,3658,2667,3540,3541,601,2362,603,3228,4127",19570701,20221030
1056,Pinneberg,2000,Hamburg,53.6558152,9.8016369,"2465,1986,1987,4484,4039,648,2093,52,4857,1981",19560101,20221030
9663,"Würzburg, Stadt",9663,Würzburg,49.79245,9.932966,"5032,2600,4621,5403,1107,502,4987,636,126,191",19580501,20221030
5334,Städteregion Aachen,5334,Aachen,53.425038,11.847839,"3552,4642,1000,3818,1803,7244,3086,3317,3093,3478",19541201,20221030
3356,Osterholz,4011,Bremen,53.055514,8.9507122,"704,2689,642,44,6189,3791,5236,5014,5821,5822",19500101,20221030
7332,Bad Dürkheim,8222,Mannheim,49.4632944,8.1705063,"4323,174,1072,5681,5426,1011,1619,3576,4474,5275",19520101,20221030
15085,Harz,15085,Harz,51.72297745,10.4254452607494,"2053,2889,106,1066,1873,1874,657,4571,5533,2174",19550101,20221030
7314,"Ludwigshafen am Rhein, Stadt",8222,Mannheim,49.4704113,8.4381568,"4323,3017,3018,174,1072,5426,1619,918,3576,5275",19520101,20221030
9463,"Coburg, Stadt",9463,Coburg,50.258112,10.964463,"1568,2055,3694,1359,2223,2226,1493,4438,3513,2780",19500601,20221030
5974,Soest,5113,Düsseldorf-Ruhr,51.5725501,8.1061259,"1920,1922,2947,1892,5480,1032,781,5583,4401,3031",19500101,20221030
5758,Herford,5711,Bielefeld/Paderborn,52.1152245,8.6711118,"769,1892,3236,294,3815,781,3031,950,3222,4442",19520201,20221030
12063,Havelland,11000,Berlin,52.597902,12.520413,"5728,3552,5825,1605,429,432,2289,435,407,2621",19520401,20221030
5774,Paderborn,5711,Bielefeld/Paderborn,51.71895955,8.764869778177559,"193,1892,197,588,781,5583,4401,950,3031,4442",19500101,20221030
8231,"Pforzheim, Stadt",8111,Stuttgart,48.8908846,8.7029532,"4160,576,710,4330,5840,5841,3925,1146,5435,4349",19520101,20221030
3151,Gifhorn,3101,Braunschweig/Wolfsburg,52.4827905,10.5445691,"6277,5675,5676,4364,850,4947,2005,662,5308,2207",19610101,20221030
8119,Rems-Murr-Kreis,8111,Stuttgart,51.1329861,11.2433078,"1410,4036,5445,198,3204,5419,3821,2160,379,2302",19500101,20221030
13071,Mecklenburgische Seenplatte,13071,Mecklenburgische Seenplatte,53.27565995,12.913419193124763,"3552,129,5728,5825,7244,1869,2289,3478,407,5663",19520401,20221030
3460,Vechta,3404,Osnabrück,52.7310691,8.2873162,"865,963,3046,3815,44,78,3791,5236,5821,5822",19520201,20221030
12064,Märkisch-Oderland,11000,Berlin,47.6363377,9.3892445,"4704,5665,931,4429,273,4881,4053,3927,2712,1276",19530101,20221030
7334,Germersheim,8222,Mannheim,49.2222749,8.36659,"3939,710,174,15951,1072,5426,3925,3576,5275,4735",19500101,20221030
9362,"Regensburg, Stadt",9362,Regensburg,49.0195333,12.0974869,"4225,3875,2920,3147,2700,4592,5904,2773,3578,61",19500101,20221030
3254,Hildesheim,3241,Hannover,52.1521636,9.9513046,"3651,294,172,4364,4367,1873,1874,662,2206,2207",19530301,20221030
9374,Neustadt a.d.Waldnaab,9363,Weiden i.d.OPf.,49.7314121,12.1732938,"132,4775,3752,1292,1392,4592,4818,2773,5046,4663",19520101,20221030
5962,Märkischer Kreis,5113,Düsseldorf-Ruhr,51.22166578,7.608664232,"1920,1922,2947,1032,3657,3658,5480,3541,3228,4127",19500101,20221030
16074,Saale-Holzland-Kreis,16051,Erfurt,50.807315,11.585847,"5419,3883,1612,3821,3513,379,3289,3034,3419,2302",19500101,20221030
5370,Heinsberg,5113,Düsseldorf-Ruhr,51.0654268,6.0984461,"1572,743,3623,2474,2798,1590,1078,15963,5564,2110",19520101,20221030
3355,Lüneburg,2000,Hamburg,53.248706,10.407855,"2689,1986,1987,4484,3369,52,3317,760,1339,1981",19500101,20221030
7140,Rhein-Hunsrück-Kreis,7111,Koblenz,50.08,7.5,"2656,4709,458,3212,2092,3246,3921,4474,348,766",19520201,20221030
10044,Saarlouis,10041,Saarbrücken,49.3164661,6.749846,"5029,4490,3274,4335,4338,981,4343,5433,5244,5245",19570101,20221030
8337,Waldshut,8336,Lörrach,47.6246179,8.2120605,"5731,5412,5059,5320,2477,2352,1013,4152,4477,4350",19530101,20221030
6534,Marburg-Biedenkopf,6412,Frankfurt a.M.,50.811402,8.725064,"386,390,5610,817,2482,211,6136,90,91,93",19521001,20221030
12073,Uckermark,11000,Berlin,53.5084448,13.7434101,"288,129,3552,5728,5097,7244,1869,5778,3478,5663",19520401,20221030
8222,"Mannheim, Universitätsstadt",8222,Mannheim,49.4892913,8.4673098,"3017,3018,1072,5426,1619,3284,918,727,3576,5275",19520101,20221030
10046,St. Wendel,10041,Saarbrücken,49.4669906,7.1696192,"5029,2790,4490,3545,4397,3825,3542,793,4665,2331",19610101,20221030
12066,Oberspreewald-Lausitz,14612,Dresden,51.569088,13.971679,"3234,2985,3082,3083,2475,1709,4496,2451,4606,991",19520101,20221030
6413,"Offenbach am Main, Stadt",6412,Frankfurt a.M.,50.1055002,8.7610698,"3776,3590,1415,1126,1421,1422,1423,1424,2843,3775",19571101,20221030
9761,"Augsburg, Stadt",9162,München,48.3668041,10.8986971,"3139,1515,2521,2829,142,2543,2830,2905,3484,3485",19500101,20221030
5154,Kleve,5113,Düsseldorf-Ruhr,51.7854839,6.131367415330141,"4100,743,1672,553,13901,2798,1590,1078,15963,2173",19520101,20221030
5562,Recklinghausen,5113,Düsseldorf-Ruhr,51.6143815,7.1978546,"1920,1922,4100,1032,553,5480,13901,3101,1078,2173",19500101,20221030
8417,Zollernalbkreis,8111,Stuttgart,51.222086,8.854924,"193,1505,386,197,2536,5610,5583,817,2482,2717",19521001,20221030
5112,"Duisburg, Stadt",5113,Düsseldorf-Ruhr,51.434999,6.759562,"1922,4100,1672,553,13901,2798,1590,1078,15963,2173",19520101,20221030
9561,"Ansbach, Stadt",9564,Nürnberg,49.3028611,10.5722288,"4576,970,3661,1902,175,176,3922,4280,5403,126",19520101,20221030
3404,"Osnabrück, Stadt",3404,Osnabrück,52.2719595,8.047635,"2338,963,3236,1892,1766,3815,3046,3753,78,4174",19520201,20221030
10045,Saarpfalz-Kreis,10041,Saarbrücken,49.25,7.25,"3939,4335,15951,3825,4338,3542,3545,2331,5244,5245",19500101,20221030
3358,Soltau-Fallingbostel,3241,Hannover,52.86641,9.69558,"2689,294,6189,368,850,5715,2005,760,1339,5821",19500101,20221030
9272,Freyung-Grafenau,9262,Passau,48.805615,13.582951,"4354,4327,1831,73,1832,13932,19087,570,728,5306",19530301,20221030
14626,Görlitz,14612,Dresden,51.1563185,14.991018,"2985,3788,1709,5779,4606,991",19520101,20221030
5120,"Remscheid, Stadt",5113,Düsseldorf-Ruhr,51.1798706,7.1943544,"1920,1922,3657,3658,2667,3540,3541,1078,3228,4127",19520101,20221030
3252,Hameln-Pyrmont,3241,Hannover,52.116503,9.374006,"769,294,172,4367,5715,3222,950,4442,2206,2207",19530301,20221030
5512,"Bottrop, Stadt",5113,Düsseldorf-Ruhr,51.521581,6.929204,"1920,1922,4100,1032,553,13901,3101,1078,15963,2173",19500101,20221030
14713,"Leipzig, Stadt",14713,Leipzig,51.3406321,12.3747329,"4036,1612,3821,4782,4496,2931,2451,5750,19510,888",19500101,20221030
16077,Altenburger Land,14713,Leipzig,50.967,12.317,"3883,1612,3821,2931,19510,5750,888,3289,222,4222",19500101,20221030
9173,Bad Tölz-Wolfratshausen,9162,München,47.698774,11.525722,"321,4066,4293,4261,7308,2319,2738,2708,1844,4471",19500101,20221030
15086,Jerichower Land,15003,Magdeburg,52.185886,11.912712,"1605,5158,5546,3818,4782,2289,1617,5267,4947,3160",19520101,20221030
9377,Tirschenreuth,9479,Wunsiedel i.F.,49.8780234,12.3372095,"132,4775,3752,1292,1392,4592,4818,2773,5046,4663",19520101,20221030
3456,Grafschaft Bentheim,5515,Münster,52.537509,7.022393,"2338,3046,1766,3753,4174,6159,78,1010,3254,3867",19500101,20221030
9479,Wunsiedel i.Fichtelgebirge,9479,Wunsiedel i.F.,50.099822,11.994044,"132,4775,3752,1292,1392,4818,5046,4663,3034,2780",19520101,20221030
8325,Rottweil,8326,Villingen-Schwenningen,48.165531,8.6251283,"5127,5128,71,5095,11,4300,72,5460,3705,3518",19570201,20221030
7320,"Zweibrücken, kreisfreie Stadt",10041,Saarbrücken,49.248655,7.3641981,"3939,5029,4397,15951,4335,3825,4338,3542,3545,2331",19500101,20221030
3154,Helmstedt,3101,Braunschweig/Wolfsburg,52.2277037,11.0104702,"6277,5158,5675,5676,4364,1617,4947,5267,662,4571",19520101,20221030
3401,"Delmenhorst, Stadt",4011,Bremen,53.048095,8.6286066,"865,642,963,44,6189,3791,5236,5014,5821,5822",19520101,20221030
5766,Lippe,5711,Bielefeld/Paderborn,50.7087635,8.0582678,"386,390,3657,3658,3595,211,6136,2362,4127,3167",19621201,20221030
13003,"Rostock, Stadt",13003,Rostock,54.0924445,12.1286127,"5088,129,2306,2950,1000,5097,1803,3085,3086,3478",19500301,20221030
5513,"Gelsenkirchen, Stadt",5113,Düsseldorf-Ruhr,51.5110321,7.0960124,"1920,1922,4100,1032,553,13901,3101,1078,15963,2173",19500101,20221030
5954,Ennepe-Ruhr-Kreis,5113,Düsseldorf-Ruhr,51.3499986,7.2999988,"1920,1922,4100,1032,5480,13901,3101,1078,3228,2173",19500101,20221030
8335,Konstanz,8335,Konstanz,47.659216,9.1750718,"4704,931,4881,273,4053,3927,2712,1239,1276,3518",19530101,20221030
8221,"Heidelberg, Stadt",8222,Mannheim,49.4093582,8.694724,"710,3017,3018,1072,5426,1619,3284,727,3576,5275",19520101,20221030
3455,Friesland,3403,Oldenburg(O.),43.5885954,-89.067335,,19520101,20221030
7318,"Speyer, kreisfreie Stadt",8222,Mannheim,49.3165553,8.433615,"710,3017,3018,174,1072,5426,1619,3925,3576,5275",19520101,20221030
9175,Ebersberg,9162,München,48.0765786,11.9647521,"5249,6211,4261,1261,1262,1103,2319,2417,3379,1844",19500101,20221030
1055,Ostholstein,2000,Hamburg,54.14310835,10.808363204257017,"4320,2306,2950,3085,909,335,3086,2609,3954,3955",19500101,20221030
9674,Haßberge,9662,Schweinfurt,47.945383,7.843269,"706,2757,4837,2758,4424,2388,757,3702,3256,3001",19610101,20221030
6431,Bergstraße,8222,Mannheim,49.5035849,8.6505756,"3017,3018,1072,1619,3284,918,727,3576,3287,5275",19520101,20221030
9279,Dingolfing-Landau,9162,München,48.636725,12.567075,"3366,4327,2920,73,3147,1332,728,3578,61,2783",19530101,20221030
14612,"Dresden, Stadt",14612,Dresden,51.0493286,13.7381437,"833,3234,4606,2985,3788,1709,5779,222,3166,991",19520101,20221030
5119,"Oberhausen, Stadt",5113,Düsseldorf-Ruhr,51.4696137,6.8514435,"1920,1922,4100,1032,553,13901,1078,1590,15963,2173",19500101,20221030
5762,Höxter,5711,Bielefeld/Paderborn,51.7747369,9.3816877,"3744,193,3651,588,4367,4847,3348,2324,950,4442",19680101,20221030
2000,"Hamburg, Freie und Hansestadt",2000,Hamburg,53.550341,10.000654,"2465,1986,1987,4484,4039,3369,52,760,4857,1981",19560101,20221030
8211,"Baden-Baden, Stadt",8212,Karlsruhe,48.7580777,8.2415239,"773,4169,5289,268,2349,5840,5841,2546,3925,4735",19530101,20221030
7338,Rhein-Pfalz-Kreis,8222,Mannheim,50.325312,7.311091,"5920,161,2656,458,3212,3246,2362,348,4157,766",19500101,20221030
9679,Würzburg,9663,Würzburg,49.79245,9.932966,"5032,2600,4621,5403,1107,502,4987,636,126,191",19580501,20221030
7138,Neuwied,7111,Koblenz,50.4302393,7.466302,"5920,161,2656,3595,3212,3246,2362,603,348,4157",19500101,20221030
9671,Aschaffenburg,6412,Frankfurt a.M.,49.9740542,9.1493636,"3776,3265,3300,1287,727,3291,1403,502,3287,4411",19530101,20221030
5116,"Mönchengladbach, Stadt",5113,Düsseldorf-Ruhr,51.1946983,6.4353641,"1572,743,3623,2474,2798,1078,1590,15963,5564,2110",19520101,20221030
9185,Neuburg-Schrobenhausen,9162,München,48.698666,11.19357,"3139,1161,2410,2700,142,5904,3922,2521,3484,221",19500101,20221030
12070,Prignitz,11000,Berlin,53.118342,12.0506759,"3552,5728,4642,5825,1605,3818,7244,2289,3093,3478",19520401,20221030
9176,Eichstätt,9162,München,48.8933417,11.1838965,"3875,1161,2410,2700,1902,3534,3922,4280,2521,3484",19500101,20221030
4012,"Bremerhaven, Stadt",4011,Bremen,53.5505392,8.5851945,"704,705,642,4678,327,6184,3791,16085,5014,3639",19520101,20221030
8226,Rhein-Neckar-Kreis,8222,Mannheim,49.3666652,8.7333304,"710,3017,3018,1072,5426,3284,5429,727,3576,5275",19520101,20221030
14729,Leipzig,14713,Leipzig,51.3406321,12.3747329,"4036,1612,3821,4782,4496,2931,2451,5750,19510,888",19500101,20221030
9182,Miesbach,9162,München,47.790025,11.8335417,"321,5249,6211,4293,4261,2319,1103,2738,1844,4471",19500101,20221030
15083,Börde,15003,Magdeburg,21.4642612,74.0751653,,19520101,20221030
8311,"Freiburg im Breisgau, Stadt",8311,Freiburg i.Br.,47.9960901,7.8494005,"4837,2757,2758,4424,1224,2388,757,3702,3256,3001",19610101,20221030
9476,Kronach,9463,Coburg,50.2397846,11.3277669,"3752,1359,4818,2226,1493,4438,3513,3034,3419,2780",19520301,20221030
5124,"Wuppertal, Stadt",5113,Düsseldorf-Ruhr,51.264018,7.1780374,"1920,1922,4100,1032,2667,3541,1078,15963,3228,2173",19500101,20221030
16071,Weimarer Land,16051,Erfurt,51.016542,11.445437,"1410,4036,5445,198,5419,3821,3419,3289,379,2302",19500101,20221030
5362,Rhein-Erft-Kreis,5315,Köln,50.92,6.67,"1572,3623,2474,2667,3541,1078,601,603,5564,2110",19520101,20221030
3351,Celle,3241,Hannover,52.624056,10.081052,"6277,5676,368,850,5715,2005,662,1339,5308,2207",19610101,20221030
9172,Berchtesgadener Land,9162,München,49.618665,6.725129,"3904,3905,5029,3274,4490,4665,981,793,5433,953",19500801,20221030
8436,Ravensburg,8436,Ravensburg,47.7811014,9.612468,"4704,5665,931,5319,3016,3751,4429,273,3927,1276",19580101,20221030
9574,Nürnberger Land,9564,Nürnberg,49.496171,11.407702,"4576,5185,1281,3661,365,3534,3667,2773,4280,1721",19600101,20221030
12068,Ostprignitz-Ruppin,11000,Berlin,52.964537,12.752672,"3552,5825,5728,7244,429,430,432,2289,400,407",19520401,20221030
12054,"Potsdam, Stadt",11000,Berlin,52.4009309,13.0591397,"416,422,425,429,430,399,432,435,403,2621",19500101,20221030
5978,Unna,5113,Düsseldorf-Ruhr,51.5348835,7.689014,"1920,1922,4100,1032,5480,13901,4401,2173,3228,3101",19500101,20221030
3251,Diepholz,4011,Bremen,52.6113677,8.372661,"865,963,3236,3046,3815,44,78,5236,5821,5822",19520201,20221030
8437,Sigmaringen,8421,Ulm,48.0855844,9.2178879,"931,70,71,72,5127,5128,4881,5107,3927,3518",19580101,20221030
8135,Heidenheim,8111,Stuttgart,48.6767637,10.152923,"5154,2886,4583,4582,2926,1102,4880,881,5174,3485",19500101,20221030
9188,Starnberg,9162,München,48.0001038,11.3508972,"4066,3139,3722,1515,7308,5226,2319,3379,19317,3385",19540601,20221030
16070,Ilm-Kreis,16051,Erfurt,50.75,11.0,"1568,3204,3113,3694,2160,19378,2226,1493,3513,379",19500601,20221030
7235,Trier-Saarburg,7211,Trier,49.618665,6.725129,"3904,3905,5029,3274,4490,4665,981,793,5433,953",19500801,20221030
9563,"Fürth, Stadt",9564,Nürnberg,49.4772475,10.9893626,"4576,5185,1281,970,3661,365,175,3667,4280,1721",19520101,20221030
6435,Main-Kinzig-Kreis,6412,Frankfurt a.M.,52.537509,7.022393,"2338,3046,1766,3753,4174,6159,78,1010,3254,3867",19500101,20221030
15089,Salzlandkreis,15003,Magdeburg,48.805615,13.582951,"4354,4327,1831,73,1832,13932,19087,570,728,5306",19530301,20221030
9161,"Ingolstadt, Stadt",9162,München,48.7630165,11.4250395,"3875,4584,1161,2410,2700,142,5904,2521,3484,221",19500101,20221030
6636,Werra-Meißner-Kreis,6611,Kassel,51.1999992,9.9333296,"3744,1505,6181,2536,1066,2925,4847,5039,5912,4763",19500101,20221030
3354,Lüchow-Dannenberg,2000,Hamburg,53.000263,11.1145,"4642,6277,3818,5675,5676,2005,3093,3317,1339,5308",19541201,20221030
6434,Hochtaunuskreis,6412,Frankfurt a.M.,50.2833322,8.5166646,"3776,5541,3590,1415,1421,1422,1423,1424,829,3775",19571101,20221030
12065,Oberhavel,11000,Berlin,52.912064,13.22567,"5728,3552,5825,422,7244,429,430,432,400,407",19520401,20221030
7337,Südliche Weinstraße,8222,Mannheim,50.147418,7.17018,"2656,161,964,4709,458,3212,3246,3155,766,927",19520101,20221030
6433,Groß-Gerau,6412,Frankfurt a.M.,49.9194456,8.4852426,"3138,5541,1126,1415,1416,1422,1423,1619,918,2843",19560101,20221030
6533,Limburg-Weilburg,6412,Frankfurt a.M.,50.433368,8.181545,"5541,5543,4586,3595,2092,211,6136,348,829,3167",19520201,20221030
9475,Hof,9464,Hof,50.3219015,11.9178807,"3752,840,3883,4818,4663,3289,3034,3419,2780,4222",19520301,20221030
1057,Plön,2000,Hamburg,54.158082,10.41771,"4320,5280,2306,2564,909,335,2609,3954,3955,2493",19500101,20221030
9177,Erding,9162,München,48.3064441,11.9076579,"4584,3722,1261,1262,1103,2417,3379,19317,221,2783",19540601,20221030
9263,"Straubing, Stadt",9362,Regensburg,48.8819801,12.569716,"4225,4327,2920,73,3147,570,1332,728,3578,61",19530101,20221030
9576,Roth,9564,Nürnberg,50.3088002,6.3835044,"964,14311,458,1964,3212,3155,4279,4508,766,927",19520101,20221030
7141,Rhein-Lahn-Kreis,6412,Frankfurt a.M.,49.59053,9.007327,"1287,3017,3018,5327,4411,3284,918,727,3287,3291",19580101,20221030
5916,"Herne, Stadt",5113,Düsseldorf-Ruhr,51.5380394,7.219985,"1920,1922,4100,1032,5480,553,13901,3101,1078,2173",19500101,20221030
8118,Ludwigsburg,8111,Stuttgart,48.8953937,9.1895147,"4928,4929,4160,4931,5284,576,4330,5429,5435,4349",19520101,20221030
9662,"Schweinfurt, Stadt",9662,Schweinfurt,50.0499945,10.233302,"2055,5032,2600,4621,2223,1107,4377,3836,15965,191",19580501,20221030
15090,Stendal,15003,Magdeburg,52.6050782,11.8594279,"5728,5825,4642,3552,1605,5158,3818,5546,2289,3093",19520401,20221030
8125,Heilbronn,8111,Stuttgart,49.142291,9.218655,"4928,4929,5284,4582,2406,710,5429,5435,4349,3135",19530101,20221030
9771,Aichach-Friedberg,9162,München,48.386614,11.069823,"3139,3385,3722,1515,2521,2829,142,2543,2905,3484",19500101,20221030
7233,Vulkaneifel,7211,Trier,50.274593,6.781063,"964,14311,458,3212,3246,3155,4279,4508,766,927",19520101,20221030
5314,"Bonn, Stadt",5315,Köln,50.735851,7.10066,"3623,3657,3658,2667,3540,3541,601,2362,603,4157",19570701,20221030
12053,"Frankfurt (Oder), Stadt",11000,Berlin,52.3412273,14.549452,"416,422,424,425,3082,3083,427,399,400,3158",19540101,20221030
9577,Weißenburg-Gunzenhausen,9564,Nürnberg,49.052484,10.90624,"4576,1161,970,3661,1902,175,176,3922,4280,3484",19520101,20221030
6631,Fulda,6412,Frankfurt a.M.,50.5542328,9.6770448,"4480,2897,4978,4729,93,4377,90,91,15965,4479",19540101,20221030
9190,Weilheim-Schongau,9162,München,47.825183,11.057666,"4066,5226,7308,2829,2830,2543,2542,14003,2708,125",19500101,20221030
3453,Cloppenburg,3403,Oldenburg(O.),52.8461339,8.0438783,"865,963,3046,44,78,3791,5236,3867,5821,5822",19500101,20221030
3451,Ammerland,3403,Oldenburg(O.),47.9023747,11.3372191,"4066,3139,5226,1515,7308,2319,3379,2708,3385,125",19540601,20221030
16055,"Weimar, Stadt",16051,Erfurt,50.9810486,11.3296637,"1410,3204,5445,198,5419,3821,3419,3289,379,2302",19500101,20221030
9472,Bayreuth,9462,Bayreuth,49.9427202,11.5763079,"5185,4775,3752,1292,1359,4818,4438,4663,1721,2780",19520101,20221030
5158,Mettmann,5113,Düsseldorf-Ruhr,51.2527778,6.9777778,"1920,1922,4100,1032,2667,3541,1078,15963,3228,2173",19500101,20221030
5754,Gütersloh,5711,Bielefeld/Paderborn,51.9063997,8.3782078,"3236,1892,1766,3815,5480,781,4401,950,3031,4442",19500101,20221030
12071,Spree-Neiße,14612,Dresden,48.390995,12.945145,"4706,4354,3366,2920,73,13932,2573,1332,728,1275",19530101,20221030
7133,Bad Kreuznach,6412,Frankfurt a.M.,49.8431642,7.8657658,"3138,4323,4709,5543,4586,2092,3921,5681,1011,4474",19520201,20221030
9361,"Amberg, Stadt",9564,Nürnberg,49.4454211,11.858728,"3875,4775,1292,365,3534,4592,1392,3667,2773,1721",19500101,20221030
7134,Birkenfeld,6412,Frankfurt a.M.,49.6488236,7.1647477,"5029,2790,5433,4397,4665,2385,3825,3542,793,953",19500801,20221030
9373,Neumarkt i.d.OPf.,9564,Nürnberg,49.279624,11.4594662,"4576,5185,3875,365,3534,3661,4592,3667,2773,4280",19500101,20221030
7340,Südwestpfalz,10041,Saarbrücken,49.228381,7.736105,"3939,174,15951,1072,5681,5426,1011,3576,3545,2331",19500101,20221030
3103,"Wolfsburg, Stadt",3101,Braunschweig/Wolfsburg,52.4205588,10.7861682,"6277,5158,5675,5676,4364,4947,5267,2005,662,5308",19610101,20221030
3454,Emsland,5515,Münster,52.8850982,7.3066278,"865,2338,1221,3046,44,78,6159,1010,3254,3867",19500101,20221030
13072,Rostock,13003,Rostock,54.0924445,12.1286127,"5088,129,2306,2950,1000,5097,1803,3085,3086,3478",19500301,20221030
5315,"Köln, Stadt",5315,Köln,50.938361,6.959974,"3623,3657,2474,2667,3658,3540,3541,1078,601,603",19520101,20221030
7137,Mayen-Koblenz,7111,Koblenz,50.325312,7.311091,"5920,161,2656,458,3212,3246,2362,348,4157,766",19500101,20221030
7231,Bernkastel-Wittlich,7211,Trier,49.930803,7.004176,"964,4709,14311,458,2385,3155,793,953,766,927",19500801,20221030
3458,Oldenburg,4011,Bremen,53.1389753,8.2146017,"865,642,4678,6184,44,3791,5236,3867,5821,5822",19500101,20221030
7316,"Neustadt an der Weinstraße,St.",8222,Mannheim,49.3539802,8.1350021,"4323,3939,174,15951,1072,5681,5426,1011,3576,5275",19500101,20221030
8236,Enzkreis,8111,Stuttgart,48.9,8.75,"4160,576,710,4330,5840,5841,3925,1146,5435,4349",19520101,20221030
8426,Biberach,8421,Ulm,48.0984413,9.7899938,"5665,2886,5319,3751,3244,3245,4433,273,474,606",19500101,20221030
12061,Dahme-Spreewald,11000,Berlin,52.016313,13.832727,"416,424,425,3082,3083,2475,427,403,435,2621",19500101,20221030
7232,Eifelkreis Bitburg-Prüm,7211,Trier,50.811402,8.725064,"386,390,5610,817,2482,211,6136,90,91,93",19521001,20221030
9661,"Aschaffenburg, Stadt",6412,Frankfurt a.M.,49.9740542,9.1493636,"3776,3265,3300,1287,727,3291,1403,502,3287,4411",19530101,20221030
1001,"Flensburg, Stadt",2000,Hamburg,54.7833021,9.4333264,"4896,2912,1378,1379,1666,2437,1130,4468,4629,2907",19530101,20221030
9262,"Passau, Stadt",9262,Passau,48.5748229,13.4609744,"4354,4706,4327,73,13932,19087,1332,728,5306,1275",19530301,20221030
5366,Euskirchen,5315,Köln,50.66129,6.7871681,"3623,2474,2667,3212,3540,3541,4279,601,603,4508",19530101,20221030
16067,Gotha,16051,Erfurt,50.9494849,10.7014435,"1568,3204,5445,3113,3694,5039,2160,19378,2618,379",19500601,20221030
5915,"Hamm, Stadt",5113,Düsseldorf-Ruhr,51.6804093,7.815197,"1920,1922,1892,4100,5480,1032,13901,4401,3031,3101",19500101,20221030
6437,Odenwaldkreis,6412,Frankfurt a.M.,50.932011,8.221204,"386,2947,390,5610,3228,2482,211,6136,4127,3167",19580101,20221030
9673,Rhön-Grabfeld,9662,Schweinfurt,50.355694,10.206667,"4480,2055,4479,4621,2223,4978,4377,3836,15965,3231",19540101,20221030
8327,Tuttlingen,8326,Villingen-Schwenningen,47.9844315,8.8186606,"70,5127,5128,71,11,4300,4881,5460,1239,3518",19570201,20221030
9778,Unterallgäu,9162,München,48.045532,10.419248,"2923,3244,3245,2542,2543,2830,14003,2905,3485,606",19500101,20221030
9162,"München, Landeshauptstadt",9162,München,48.1371079,11.5753822,"3139,4584,3722,1515,1262,2319,1103,3379,19317,3385",19540601,20221030
3405,"Wilhelmshaven, Stadt",3403,Oldenburg(O.),53.5278793,8.106301,"642,4678,327,6184,5640,3791,1299,243,16085,3639",19580901,20221030
9677,Main-Spessart,9663,Würzburg,49.988615,9.64155,"4480,3265,1287,5032,4621,502,4729,1403,15965,191",19530101,20221030
1002,"Kiel, Landeshauptstadt",2000,Hamburg,54.3227085,10.135555,"4320,2306,2564,909,335,3954,3955,2297,4156,2493",19500101,20221030
3459,Osnabrück,3404,Osnabrück,52.2719595,8.047635,"2338,963,3236,1892,1766,3815,3046,3753,78,4174",19520201,20221030
5117,"Mülheim an der Ruhr, Stadt",5113,Düsseldorf-Ruhr,51.4272925,6.8829192,"1920,1922,4100,1032,553,13901,1078,1590,15963,2173",19500101,20221030
3257,Schaumburg,3241,Hannover,42.0333608,-88.083406,,19520101,20221030
7111,"Koblenz, kreisfreie Stadt",7111,Koblenz,50.3533278,7.5943951,"2656,161,5920,3595,3212,2092,3246,2362,348,4157",19500101,20221030
8127,Schwäbisch Hall,8111,Stuttgart,49.1123963,9.7369047,"2406,4582,4583,4880,881,5429,634,635,636,3135",19500101,20221030
9261,"Landshut, Stadt",9162,München,48.536217,12.1516551,"3366,4584,2920,3147,1261,1262,5904,2417,221,2783",19530101,20221030
3403,"Oldenburg (Oldenburg), Stadt",3403,Oldenburg(O.),53.1389753,8.2146017,"865,642,4678,6184,44,3791,5236,3867,5821,5822",19500101,20221030
9371,Amberg-Sulzbach,9564,Nürnberg,49.464264,11.723378,"3875,4775,1292,365,3534,3661,4592,3667,2773,1721",19500101,20221030
11000,"Berlin, Stadt",11000,Berlin,52.5170365,13.3888599,"416,422,424,425,430,399,432,400,403,435",19500101,20221030
8421,"Ulm, Universitätsstadt",8421,Ulm,48.3974003,9.9934336,"5154,2886,3751,4583,2926,4433,5174,474,3485,606",19500101,20221030
5570,Warendorf,5515,Münster,51.9532449,7.9912335,"2338,3236,1892,1766,3815,5480,4174,4401,3031,3101",19500101,20221030
5358,Düren,5334,Aachen,50.8031684,6.4820806,"1572,3623,743,2474,2667,4279,601,603,5564,2110",19570701,20221030
9181,Landsberg am Lech,9162,München,48.0514973,10.8737728,"4066,5226,2923,7308,2829,2830,2543,14003,2905,125",19500101,20221030
12052,"Cottbus, Stadt",14612,Dresden,51.7567447,14.3357307,"3234,2985,3082,3083,2475,427,425,2451,3158,4606",19560601,20221030
6634,Schwalm-Eder-Kreis,6611,Kassel,51.0333332,9.3666652,"1505,6181,197,2536,817,5912,90,91,4763,93",19500101,20221030
9174,Dachau,9162,München,48.2592477,11.4354419,"3139,4584,3722,1515,1261,142,1262,3379,19317,3385",19540601,20221030
16063,Wartburgkreis,16051,Erfurt,48.95949,12.602987,"4225,4327,2920,1832,1831,3147,570,728,3578,61",19530101,20221030
16056,"Eisenach, Stadt",16051,Erfurt,50.9747134,10.3193565,"3113,2925,3694,5039,2160,19378,4978,2618,4763,3231",19500601,20221030
8326,Schwarzwald-Baar-Kreis,8326,Villingen-Schwenningen,49.930803,7.004176,"964,4709,14311,458,2385,3155,793,953,766,927",19500801,20221030
9762,"Kaufbeuren, Stadt",9162,München,47.8803788,10.622246,"5226,2923,2829,2542,2830,2543,3245,14003,125,2559",19500101,20221030
8315,Breisgau-Hochschwarzwald,8311,Freiburg i.Br.,47.945383,7.843269,"706,2757,4837,2758,4424,2388,757,3702,3256,3001",19610101,20221030
12051,"Brandenburg an der Havel, St.",11000,Berlin,52.4108261,12.5497933,"5728,5825,1605,5546,429,430,2289,435,403,2621",19500101,20221030
8237,Freudenstadt,8111,Stuttgart,48.4637727,8.4111727,"5664,1602,773,5289,268,2349,4300,5840,5841,3705",19530101,20221030
16054,"Suhl, Stadt",16054,Suhl,50.6086518,10.6926437,"1568,3204,3113,3694,2223,2160,2226,19378,1493,3231",19500601,20221030
14730,Nordsachsen,14713,Leipzig,51.538597,12.754174,"3234,5546,2475,3821,4782,4496,2931,2451,19510,5750",19500101,20221030
9775,Neu-Ulm,8421,Ulm,48.3954965,10.00589,"5154,2886,3751,3244,2926,4433,5174,474,3485,606",19500101,20221030
3153,Goslar,3101,Braunschweig/Wolfsburg,51.9059936,10.4266284,"3651,2889,106,4364,1873,1874,657,4571,5533,2174",19550101,20221030
5554,Borken,5515,Münster,51.8443183,6.8582247,"4100,1672,553,3753,1032,13901,2798,3101,1590,2173",19500101,20221030
7333,Donnersbergkreis,8222,Mannheim,49.6333308,7.916663,"3138,4323,2790,1072,5681,5426,1011,3921,3576,4474",19520101,20221030
6438,Offenbach,6412,Frankfurt a.M.,50.1055002,8.7610698,"3776,3590,1415,1126,1421,1422,1423,1424,2843,3775",19571101,20221030
6611,"Kassel, documenta-Stadt",6611,Kassel,51.3154546,9.4924096,"3744,1505,193,6181,197,2536,4847,5912,4763,2717",19500101,20221030
14628,Sächsische Schweiz-Osterzgebirge,14612,Dresden,48.636725,12.567075,"3366,4327,2920,73,3147,1332,728,3578,61,2783",19530101,20221030
3353,Harburg,2000,Hamburg,48.7856056,10.692743,"1161,1902,2926,176,4880,3922,881,4280,2521,3484",19500101,20221030
16065,Kyffhäuserkreis,16051,Erfurt,49.464264,11.723378,"3875,4775,1292,365,3534,3661,4592,3667,2773,1721",19500101,20221030
16064,Unstrut-Hainich-Kreis,16051,Erfurt,51.17,10.5,"1410,5445,3113,1066,2925,5039,2160,19378,2618,4763",19540701,20221030
5515,"Münster, Stadt",5515,Münster,51.9625101,7.6251879,"2338,1892,4100,1766,3815,5480,3753,13901,4174,3101",19500101,20221030
8128,Main-Tauber-Kreis,8111,Stuttgart,49.77713,8.095766,"3138,4323,5543,4586,1072,3921,1619,1011,918,4474",19520101,20221030
5113,"Essen, Stadt",5113,Düsseldorf-Ruhr,51.4582235,7.0158171,"1920,1922,4100,1032,553,13901,3101,1078,15963,2173",19500101,20221030
9376,Schwandorf,9362,Regensburg,49.3261854,12.1092708,"4225,3875,132,1292,365,3534,4592,1392,2773,3578",19500101,20221030
12072,Teltow-Fläming,11000,Berlin,47.730296,12.881633,"5249,4706,6211,321,4261,2573,1586,5075,4091,4318",19500101,20221030
9179,Fürstenfeldbruck,9162,München,48.1813797,11.2382125,"3139,3722,1515,2829,142,2543,3379,19317,2905,3385",19540601,20221030
12060,Barnim,11000,Berlin,52.63013815,13.695100499882956,"416,422,424,425,427,430,399,400,432,407",19540101,20221030
7335,Kaiserslautern,10041,Saarbrücken,49.4432174,7.7689951,"4323,3939,2790,174,15951,1072,5681,5426,1011,3576",19500101,20221030
5566,Steinfurt,5515,Münster,52.1294289,7.3903454,"2338,4100,1766,3815,3753,13901,4174,78,2173,3101",19500101,20221030
6535,Vogelsbergkreis,6412,Frankfurt a.M.,51.1329861,11.2433078,"1410,4036,5445,198,3204,5419,3821,2160,379,2302",19500101,20221030
3158,Wolfenbüttel,3101,Braunschweig/Wolfsburg,52.1625283,10.5348215,"6277,106,5675,4364,5676,4947,5267,662,4571,2207",19610101,20221030
1059,Schleswig-Flensburg,2000,Hamburg,54.7971452,9.2154265,"4896,1378,1379,1666,2437,1130,4468,4629,4919,2907",19530101,20221030
6436,Main-Taunus-Kreis,6412,Frankfurt a.M.,50.1166662,8.4333316,"5541,1415,1416,5543,1421,1422,1423,1424,2843,3775",19600101,20221030
9572,Erlangen-Höchstadt,9564,Nürnberg,49.60932,10.880426,"4576,5185,1281,970,3661,175,3667,1107,4438,1721",19520101,20221030
3256,Nienburg (Weser),3241,Hannover,52.6410849,9.2181918,"769,294,172,6189,368,850,5715,3222,5821,5822",19610101,20221030
16075,Saale-Orla-Kreis,16051,Erfurt,49.052484,10.90624,"4576,1161,970,3661,1902,175,176,3922,4280,3484",19520101,20221030
6632,Hersfeld-Rotenburg,6611,Kassel,50.898552,9.739876,"1505,6181,5039,2897,4978,5912,90,91,4763,93",19500101,20221030
5122,"Solingen, Stadt",5113,Düsseldorf-Ruhr,51.1721629,7.0845893,"1920,1922,3657,3658,2667,3540,3541,1078,15963,3228",19520101,20221030
9571,Ansbach,9564,Nürnberg,49.3028611,10.5722288,"4576,970,3661,1902,175,176,3922,4280,5403,126",19520101,20221030
7312,"Kaiserslautern, kreisfr. Stadt",10041,Saarbrücken,49.4432174,7.7689951,"4323,3939,2790,174,15951,1072,5681,5426,1011,3576",19500101,20221030
3159,Göttingen,3159,Göttingen,51.5328328,9.9351811,"3744,3651,1066,2925,4847,1873,1874,3348,2324,2174",19570101,20221030
5374,Oberbergischer Kreis,5315,Köln,51.0333332,7.5166646,"1922,2947,3657,3658,2667,3540,3541,603,3228,4127",19570701,20221030
5966,Olpe,5970,Siegen,51.0297603,7.8424193,"386,2947,390,3657,3658,3540,3541,3228,3167,4127",19620401,20221030
16052,"Gera, Stadt",16051,Erfurt,50.8772301,12.0796208,"3883,1612,3821,5750,19510,888,3289,4222,3419,2302",19500101,20221030
5711,"Bielefeld, Stadt",5711,Bielefeld/Paderborn,52.0191005,8.531007,"769,3236,1892,3815,781,4401,950,3031,3222,4442",19500101,20221030
5970,Siegen-Wittgenstein,5970,Siegen,50.932011,8.221204,"386,2947,390,5610,3228,2482,211,6136,4127,3167",19580101,20221030
5114,"Krefeld, Stadt",5113,Düsseldorf-Ruhr,51.3331205,6.5623343,"743,1672,2474,2798,1590,1078,15963,5564,2173,2110",19520101,20221030
7317,"Pirmasens, kreisfreie Stadt",10041,Saarbrücken,49.1996961,7.6087847,"3939,2790,174,15951,3825,5426,5681,3542,3545,2331",19500101,20221030
9163,"Rosenheim, Stadt",9162,München,47.8539273,12.127262,"321,5249,6211,4261,4293,1103,2319,2417,1844,4471",19500101,20221030
16073,Saalfeld-Rudolstadt,16051,Erfurt,50.669498,11.331119,"3204,3289,5419,3419,2226,1493,3513,3034,379,2302",19500101,20221030
5166,Viersen,5113,Düsseldorf-Ruhr,51.2562118,6.3905476,"1572,743,1672,2474,2798,1590,1078,15963,5564,2110",19520101,20221030
9474,Forchheim,9564,Nürnberg,49.7187319,11.0595749,"4576,5185,1281,970,3661,1359,3667,1107,4438,1721",19600101,20221030
9183,Mühldorf a.Inn,9162,München,48.2405007,12.5250991,"5249,4706,6211,3366,2573,1103,2417,1586,1332,2783",19530101,20221030
9565,"Schwabach, Stadt",9564,Nürnberg,49.3295535,11.0195132,"4576,1281,5185,970,3661,365,1902,3922,3667,4280",19600101,20221030
8126,Hohenlohekreis,8111,Stuttgart,49.27,9.62,"4987,4582,2406,5327,881,5429,634,635,636,3135",19500101,20221030
8111,"Stuttgart, Landeshauptstadt",8111,Stuttgart,48.7784485,9.1800132,"4928,4929,576,4931,5284,4160,4330,3671,5435,4349",19520101,20221030
9464,"Hof, Stadt",9464,Hof,50.3219015,11.9178807,"3752,840,3883,4818,4663,3289,3034,3419,2780,4222",19520301,20221030
8336,Lörrach,8336,Lörrach,47.6120896,7.6607218,"3493,2377,4557,2477,4175,2352,1169,1492,341,4350",19530101,20221030
9276,Regen,9262,Passau,48.9700842,13.1262631,"4354,1831,1832,4327,5306,73,19087,728,570,61",19530301,20221030
16068,Sömmerda,16051,Erfurt,51.1618258,11.1174874,"1410,4036,5445,198,3204,3113,5419,2160,379,2302",19500101,20221030
6432,Darmstadt-Dieburg,6412,Frankfurt a.M.,49.901055,8.844496,"3776,1126,3018,1422,1423,4411,918,727,2843,3775",19571101,20221030
8316,Emmendingen,8311,Freiburg i.Br.,48.1206565,7.850993,"1440,675,4837,1224,5453,2388,757,3256,3001,1214",19650101,20221030
9678,Schweinfurt,9662,Schweinfurt,50.0499945,10.233302,"2055,5032,2600,4621,2223,1107,4377,3836,15965,191",19580501,20221030
9763,"Kempten (Allgäu), Stadt",9162,München,47.7267063,10.3168835,"3016,2923,3244,2221,2542,3727,3245,14003,1372,2559",19520101,20221030
3359,Stade,2000,Hamburg,53.599794,9.475438,"704,2465,705,1987,4039,648,1451,4886,4857,1981",19560101,20221030
3352,Cuxhaven,4011,Bremen,53.86878,8.698286,"705,327,2122,1451,748,1163,788,16085,4886,3639",19600701,20221030
10043,Neunkirchen,10041,Saarbrücken,49.3533493,6.5564888,"3904,3905,4490,3274,4335,981,4343,5433,5244,5245",19570101,20221030
9187,Rosenheim,9162,München,47.8539273,12.127262,"321,5249,6211,4261,4293,1103,2319,2417,1844,4471",19500101,20221030
8225,Neckar-Odenwald-Kreis,8111,Stuttgart,50.898552,9.739876,"1505,6181,5039,2897,4978,5912,90,91,4763,93",19500101,20221030
3155,Northeim,3159,Göttingen,51.705401,9.9972782,"3744,3651,1066,106,1873,1874,3348,2324,4571,2174",19570501,20221030
6531,Gießen,6412,Frankfurt a.M.,50.5862066,8.6742306,"3300,3590,390,1421,2897,211,93,6136,90,829",19610101,20221030
9184,München,9162,München,48.1371079,11.5753822,"3139,4584,3722,1515,1262,2319,1103,3379,19317,3385",19540601,20221030
7132,Altenkirchen (Westerwald),5970,Siegen,50.6883603,7.637785320307461,"5920,3657,3658,3540,3541,2362,603,348,4157,3167",19500101,20221030
1054,Nordfriesland,2000,Hamburg,54.6406552,9.02151927243941,"1378,1379,1666,2437,1130,1963,4468,4629,4919,2907",19530101,20221030
9178,Freising,9162,München,48.4008273,11.7439565,"4584,3722,1261,1262,142,5904,3379,19317,3385,221",19540601,20221030
9189,Traunstein,9162,München,47.8701474,12.6423403,"5249,321,6211,4261,3366,2573,1586,5075,4091,4318",19500101,20221030
9478,Lichtenfels,9463,Coburg,50.14568,11.06382,"2055,1359,2223,2226,4818,1107,1493,4438,3513,2780",19550101,20221030
8136,Ostalbkreis,8111,Stuttgart,49.923878,8.060023,"3138,4323,5541,4709,5543,1416,4586,2092,3921,4474",19520201,20221030
3102,"Salzgitter, Stadt",3101,Braunschweig/Wolfsburg,52.1503721,10.3593147,"6277,106,4364,5676,1874,4947,662,4571,2206,2207",19530301,20221030
9180,Garmisch-Partenkirchen,9162,München,47.4923741,11.0962815,"4066,4293,5226,7308,2221,2542,2738,14003,2708,125",19580101,20221030
